---
build/android-chrome-192x192.png: 2021-01-01 18:40:41.333163725 +00:00
build/android-chrome-512x512.png: 2021-01-01 18:40:54.513385540 +00:00
build/favicon-32x32.png: 2021-01-01 18:40:44.657221662 +00:00
build/mstile-144x144.png: 2021-01-01 18:40:45.853242155 +00:00
build/apple-touch-icon.png: 2021-01-01 18:40:57.501433253 +00:00
build/mstile-310x150.png: 2021-01-01 18:40:54.561386313 +00:00
build/favicon-16x16.png: 2021-01-01 18:40:55.001393400 +00:00
build/mstile-70x70.png: 2021-01-01 18:40:57.521433570 +00:00
build/mstile-310x310.png: 2021-01-01 18:40:59.225460429 +00:00
build/mstile-150x150.png: 2021-01-01 18:40:57.693436293 +00:00
