---
build/android-chrome-192x192.png: 2020-12-30 17:54:03.444686494 +00:00
build/android-chrome-512x512.png: 2020-12-30 17:54:20.401539919 +00:00
build/favicon-32x32.png: 2020-12-30 17:54:04.576756147 +00:00
build/mstile-144x144.png: 2020-12-30 17:54:05.280798434 +00:00
build/apple-touch-icon.png: 2020-12-30 17:54:24.293689069 +00:00
build/mstile-310x150.png: 2020-12-30 17:54:20.457542163 +00:00
build/favicon-16x16.png: 2020-12-30 17:54:21.005564120 +00:00
build/mstile-70x70.png: 2020-12-30 17:54:24.389692559 +00:00
build/mstile-310x310.png: 2020-12-30 17:54:29.257860215 +00:00
build/mstile-150x150.png: 2020-12-30 17:54:25.929747762 +00:00
