---
build/android-chrome-192x192.png: 2020-12-30 17:22:49.055057379 +00:00
build/android-chrome-512x512.png: 2020-12-30 17:23:03.171161784 +00:00
build/favicon-32x32.png: 2020-12-30 17:22:49.103057788 +00:00
build/mstile-144x144.png: 2020-12-30 17:22:49.131058026 +00:00
build/apple-touch-icon.png: 2020-12-30 17:23:06.291181030 +00:00
build/mstile-310x150.png: 2020-12-30 17:23:03.227162138 +00:00
build/favicon-16x16.png: 2020-12-30 17:23:03.675164968 +00:00
build/mstile-70x70.png: 2020-12-30 17:23:06.311181150 +00:00
build/mstile-310x310.png: 2020-12-30 17:23:08.119191792 +00:00
build/mstile-150x150.png: 2020-12-30 17:23:06.507182318 +00:00
