---
build/android-chrome-192x192.png: 2020-12-31 10:47:07.354968957 +00:00
build/android-chrome-512x512.png: 2020-12-31 10:47:23.420007916 +00:00
build/favicon-32x32.png: 2020-12-31 10:47:09.471110405 +00:00
build/mstile-144x144.png: 2020-12-31 10:47:10.463176206 +00:00
build/apple-touch-icon.png: 2020-12-31 10:47:27.028231203 +00:00
build/mstile-310x150.png: 2020-12-31 10:47:23.472011157 +00:00
build/favicon-16x16.png: 2020-12-31 10:47:23.972042320 +00:00
build/mstile-70x70.png: 2020-12-31 10:47:27.048232429 +00:00
build/mstile-310x310.png: 2020-12-31 10:47:29.080356703 +00:00
build/mstile-150x150.png: 2020-12-31 10:47:27.252244934 +00:00
