---
build/android-chrome-192x192.png: 2020-12-30 16:56:18.307068755 +00:00
build/android-chrome-512x512.png: 2020-12-30 16:56:31.183182808 +00:00
build/favicon-32x32.png: 2020-12-30 16:56:18.359069293 +00:00
build/mstile-144x144.png: 2020-12-30 16:56:18.383069541 +00:00
build/apple-touch-icon.png: 2020-12-30 16:56:34.087203906 +00:00
build/mstile-310x150.png: 2020-12-30 16:56:31.235183196 +00:00
build/favicon-16x16.png: 2020-12-30 16:56:31.703186687 +00:00
build/mstile-70x70.png: 2020-12-30 16:56:34.111204072 +00:00
build/mstile-310x310.png: 2020-12-30 16:56:35.995217003 +00:00
build/mstile-150x150.png: 2020-12-30 16:56:34.315205490 +00:00
