---
build/android-chrome-192x192.png: 2020-12-30 19:02:36.928841551 +00:00
build/android-chrome-512x512.png: 2020-12-30 19:02:52.485153503 +00:00
build/favicon-32x32.png: 2020-12-30 19:02:40.156912021 +00:00
build/mstile-144x144.png: 2020-12-30 19:02:40.836926435 +00:00
build/apple-touch-icon.png: 2020-12-30 19:02:55.557208078 +00:00
build/mstile-310x150.png: 2020-12-30 19:02:52.537154443 +00:00
build/favicon-16x16.png: 2020-12-30 19:02:53.033163404 +00:00
build/mstile-70x70.png: 2020-12-30 19:02:55.577208427 +00:00
build/mstile-310x310.png: 2020-12-30 19:02:57.509241793 +00:00
build/mstile-150x150.png: 2020-12-30 19:02:55.777211921 +00:00
