---
build/android-chrome-192x192.png: 2021-01-01 18:25:55.159649461 +00:00
build/android-chrome-512x512.png: 2021-01-01 18:26:11.234044226 +00:00
build/favicon-32x32.png: 2021-01-01 18:25:56.575898097 +00:00
build/mstile-144x144.png: 2021-01-01 18:25:57.728094496 +00:00
build/apple-touch-icon.png: 2021-01-01 18:26:14.858476596 +00:00
build/mstile-310x150.png: 2021-01-01 18:26:11.286050630 +00:00
build/favicon-16x16.png: 2021-01-01 18:26:11.782111715 +00:00
build/mstile-70x70.png: 2021-01-01 18:26:14.878478910 +00:00
build/mstile-310x310.png: 2021-01-01 18:26:16.906707138 +00:00
build/mstile-150x150.png: 2021-01-01 18:26:15.082502335 +00:00
