---
build/android-chrome-192x192.png: 2020-12-29 23:56:46.777013212 +00:00
build/android-chrome-512x512.png: 2020-12-29 23:57:01.241716945 +00:00
build/favicon-32x32.png: 2020-12-29 23:56:46.829016238 +00:00
build/mstile-144x144.png: 2020-12-29 23:56:46.857017867 +00:00
build/apple-touch-icon.png: 2020-12-29 23:57:04.513845676 +00:00
build/mstile-310x150.png: 2020-12-29 23:57:01.301719379 +00:00
build/favicon-16x16.png: 2020-12-29 23:57:01.825740639 +00:00
build/mstile-70x70.png: 2020-12-29 23:57:04.537846586 +00:00
build/mstile-310x310.png: 2020-12-29 23:57:06.393915571 +00:00
build/mstile-150x150.png: 2020-12-29 23:57:04.729853872 +00:00
