---
build/android-chrome-192x192.png: 2020-12-29 23:29:48.140657492 +00:00
build/android-chrome-512x512.png: 2020-12-29 23:30:01.024690065 +00:00
build/favicon-32x32.png: 2020-12-29 23:29:50.928664743 +00:00
build/mstile-144x144.png: 2020-12-29 23:29:51.328665773 +00:00
build/apple-touch-icon.png: 2020-12-29 23:30:03.988697242 +00:00
build/mstile-310x150.png: 2020-12-29 23:30:01.076690191 +00:00
build/favicon-16x16.png: 2020-12-29 23:30:01.560691369 +00:00
build/mstile-70x70.png: 2020-12-29 23:30:04.012697300 +00:00
build/mstile-310x310.png: 2020-12-29 23:30:05.840701671 +00:00
build/mstile-150x150.png: 2020-12-29 23:30:04.200697750 +00:00
