---
build/android-chrome-192x192.png: 2021-01-01 19:53:26.793052909 +00:00
build/android-chrome-512x512.png: 2021-01-01 19:53:41.549340535 +00:00
build/favicon-32x32.png: 2021-01-01 19:53:28.161080805 +00:00
build/mstile-144x144.png: 2021-01-01 19:53:29.413106076 +00:00
build/apple-touch-icon.png: 2021-01-01 19:53:44.773400115 +00:00
build/mstile-310x150.png: 2021-01-01 19:53:41.597341429 +00:00
build/favicon-16x16.png: 2021-01-01 19:53:42.069350220 +00:00
build/mstile-70x70.png: 2021-01-01 19:53:44.793400482 +00:00
build/mstile-310x310.png: 2021-01-01 19:53:46.729435800 +00:00
build/mstile-150x150.png: 2021-01-01 19:53:44.985404006 +00:00
