---
build/android-chrome-192x192.png: 2021-01-02 15:42:54.448528538 +00:00
build/android-chrome-512x512.png: 2021-01-02 15:43:08.909154867 +00:00
build/favicon-32x32.png: 2021-01-02 15:42:57.592676345 +00:00
build/mstile-144x144.png: 2021-01-02 15:42:59.244751170 +00:00
build/apple-touch-icon.png: 2021-01-02 15:43:12.173279967 +00:00
build/mstile-310x150.png: 2021-01-02 15:43:08.965157069 +00:00
build/favicon-16x16.png: 2021-01-02 15:43:09.425174944 +00:00
build/mstile-70x70.png: 2021-01-02 15:43:12.197280866 +00:00
build/mstile-310x310.png: 2021-01-02 15:43:14.009348249 +00:00
build/mstile-150x150.png: 2021-01-02 15:43:12.381287753 +00:00
